101
1 9 2
2 8 3
3 0 2
4 7 2
5 5 5
6 7 4
7 0 3
8 5 2
9 1 5
10 5 1
11 4 3
12 3 5
13 2 1
14 6 2
15 0 4
16 3 3
17 4 3
18 9 3
19 6 3
20 2 3
21 5 4
22 4 4
23 5 3
24 5 1
25 2 4
26 9 1
27 0 2
28 1 2
29 3 1
30 9 5
31 9 1
32 4 5
33 7 1
34 1 5
35 7 5
36 3 3
37 6 1
38 4 3
39 4 3
40 9 2
41 1 5
42 1 3
43 1 2
44 0 1
45 8 5
46 3 3
47 4 2
48 0 1
49 9 1
50 2 3
51 1 4
52 1 3
53 6 5
54 0 1
55 7 1
56 7 2
57 9 4
58 4 3
59 5 3
60 2 4
61 3 3
62 3 2
63 9 5
64 9 2
65 2 5
66 3 4
67 7 3
68 6 3
69 5 5
70 6 3
71 1 2
72 7 5
73 2 5
74 5 2
75 6 4
76 9 3
77 3 2
78 6 5
79 7 2
80 3 2
81 9 3
82 1 4
83 0 3
84 8 3
85 2 3
86 0 1
87 6 1
88 6 3
89 9 4
90 0 2
91 1 5
92 9 1
93 8 5
94 4 1
95 3 1
96 9 1
97 8 5
98 8 3
99 3 5
100 1 5
101 3 1