101 100
45 94
42 59
53 85
35 88
90 6
49 13
59 75
94 95
68 18
36 69
80 55
64 87
44 58
65 92
11 65
5 8
64 86
89 48
64 99
9 64
43 20
83 22
79 24
51 64
2 5
91 72
44 26
17 50
24 101
90 15
88 80
12 22
54 61
95 56
11 60
81 50
72 100
59 3
45 81
55 26
10 100
20 28
34 78
3 87
38 21
59 30
97 79
13 22
87 19
55 41
100 52
78 34
96 100
12 38
56 3
54 14
71 100
67 81
64 98
25 40
40 3
50 67
25 39
60 61
89 35
35 69
101 89
3 62
71 98
43 73
61 24
93 81
44 17
44 97
96 82
3 52
51 73
28 45
47 79
67 91
40 24
27 67
48 45
58 37
26 96
40 49
31 50
80 55
23 27
65 43
84 22
46 83
98 85
88 5
55 60
33 65
48 12
33 51
31 72
40 57
1 47


